13.25
16.0
18.5
20.75
16.0
20.75
16.5
20.75
16.5
16.5
12.75
12.0
12.5
12.5
12.0
12.0
20.5
20.75
12.5
12.0
20.75
20.75
12.0
20.25
20.75
20.75
20.75
16.75
15.25
20.75
12.75
20.75
16.5
20.25
12.0
12.0
18.5
20.75
12.0
17.95
12.0
20.75
20.75
16.25
18.5
14.75
16.5
12.75
16.0
20.25
12.5
20.25
20.5
20.5
20.25
12.0
18.5
20.5
18.5
16.0
20.75
12.75
16.75
16.0
12.5
12.5
16.25
20.75
12.0
20.25
20.75
16.0
20.25
12.75
12.0
20.75
16.0
9.75
12.0
20.25
20.5
16.5
20.75
12.0
12.0
16.0
17.5
12.5
20.75
16.75
16.0
20.75
20.25
10.5
20.5
20.75
17.95
12.75
14.75
12.0
12.0
18.5
20.25
16.5
16.75
16.5
20.75
12.5
17.95
10.5
16.75
20.75
20.5
16.75
20.75
12.0
16.75
12.0
20.75
20.75
20.25
25.5
20.75
17.5
16.5
20.25
20.75
11.0
16.5
16.5
20.75
12.5
20.75
16.0
20.25
16.75
16.0
18.5
12.5
12.75
11.0
15.25
20.75
14.75
16.75
20.75
16.75
16.5
14.5
